648,
220,
840,
948,
485,
480,
432,
487,
755,
761,
942,
666,
662,
664,
310,
330,
410,
320,
870,
235,
627,
813,
237,
814,
922,
944,
903,
954,
660,
654,
653,
930,
812,
943,
951,
950,
345,
444,
445,
880,
886,
649,
652,
651,
433,
865,
353,
668,
670,
940,
884,
890,
434,
439,
904,
906,
349,
347,
949,
830,
850,
236,
626,
956,
762,
760,
435,
436,
820,
946,
806,
932,
446,
352,
452,
805,
933,
351,
451,
438,
931,
437,
210,
845,
810,
815,
443,
442,
343,
821,
763,
924,
421,
331,
420,
450,
354,
441,
440,
475,
473,
474,
350,
341,
928,
647,
470,
471,
888,
661,
740,
745,
520,
510,
522,
900,
901,
902,
756,

